761978554
761699441
761640791
762044868
761375666
760205997
761340762
762324064
762404220
762387320
761316517
762278327
762157042
762150331
762253305
761683463
762080175
761281894
762175087
762238494
762612496
760267132
761766662
761839273
761956432
761984697
761490773
761672655
760161281
762489095
761658095
760243280
761734774
761798162
761346127
761379613
761744259
761359086
762006805
762779776
761831451
762084876
761892859
762572257
761507323
761647269
760187697
762656291
762727460
760245292
762150408
761200192
761878242
762078430
761575435
760284298
762760800
762739431
760260373
762167161
761274522
761877425
762755560
762178950
762229803
761385418
761847331
761667152
761927753
761349194
761258358
760134785
760137595
762454424
761891868
762473051
762361188
762251936
762601849
762280613
762341032
762452375
761564448
762327534
762702321
762383860
761545099
761686545
761589213
762012389
762515367
761349590
761772949
762503171
761601016
761760671
762277064
760278616
761711904
762554095
760291038
760007516
762791891
761426103
762156282
761417537
762011105
761942020
762315842
760258145
762691976
761795541
761946259
762064146
761698261
761417482
760288569
762470860
760192882
760260203
761722461
762714969
762309483
761623658
761387757
760288276
762446628
761463279
761518638
761562289
762476911
761686214
761432730
762149488
762523085
761835701
760250812
762591431
760199780
761244921
761215972
761403475
762043361
761532120
762701381
761331575
760243563
760175456
762615995
760114070
762347962
762270599
762139817
762617523
762402839
760297489
762497395
762419796
761648210
761986790
761532753
761729655
761830224
761964251
761991277
761663621
762332280
761727086
762723084
761456661
762217485
762100516
761609526
762036803
760114235
760153085
762622987
760151515
761454067
762504778
761638792
761216024
761340702
761916050
762402507
762530971
762287846
762331535
762459437
761757988
761519250
762386255
761803024
760233846
762400361
761989801
761208820
762026821
761647361
760187374
761268134
762395721
761620649
761254682
761441567
762478864
761457761
762469216
762040823
762176150
760131400
761749903
762255675
760257389
761409713
761593435
761286443
761978700
762787016
762774120
762390989
761238726
761502363
761543778
761643361
761546716
762069150
760189381
761571743
761351683
761394683
761799761
761283381
762679919
760282374
761762365
760162186
762720060
761446617
762460773
761863030
761379396
762767615
762424394
762110463
762765949
761815224
761938567
761252970
762557232
762545076
762579505
761633119
760268640
760226697
761556612
762286531
762507461
760138969
761229337
761554735
761887249
762324858
760151889
761384576
761368324
761532222
760296672
762608195
761299587
762218011
762752594
760273981
761945689
762047450
761427863
760253936
762552057
762786542
761336219
762144568
762024030
761993108
762206939
761987894
761744536
761703903
761671827
762612491
761336335
761700829
761455801
761877433
761492497
761315214
761230882
762369549
761323179
761978554
761699441
761640791
762044868
761375666
760205997
761340762
762324064
762404220
762387320
761316517
762278327
762157042
762150331
762253305
761683463
762080175
761281894
762175087
762238494
762612496
760267132
761766662
761839273
761956432
761984697
761490773
761672655
760161281
762489095
761658095
760243280
761734774
761798162
761346127
761379613
761744259
761359086
762006805
762779776
761831451
762084876
761892859
762572257
761507323
761647269
760187697
762656291
762727460
760245292
762150408
761200192
761878242
762078430
761575435
760284298
762760800
762739431
760260373
762167161
761274522
761877425
762755560
762178950
762229803
761385418
761847331
761667152
761927753
761349194
761258358
760134785
760137595
762454424
761891868
762473051
762361188
762251936
762601849
762280613
762341032
762452375
761564448
762327534
762702321
762383860
761545099
761686545
761589213
762012389
762515367
761349590
761772949
762503171
761601016
761760671
762277064
760278616
761711904
762554095
760291038
760007516
762791891
761426103
762156282
761417537
762011105
761942020
762315842
760258145
762691976
761795541
761946259
762064146
761698261
761417482
760288569
762470860
760192882
760260203
761722461
762714969
762309483
761623658
761387757
760288276
762446628
761463279
761518638
761562289
762476911
761686214
761432730
762149488
762523085
761835701
760250812
762591431
760199780
761244921
761215972
761403475
762043361
761532120
762701381
761331575
760243563
760175456
762615995
760114070
762347962
762270599
762139817
762617523
762402839
760297489
762497395
762419796
761648210
761986790
761532753
761729655
761830224
761964251
761991277
761663621
762332280
761727086
762723084
761456661
762217485
762100516
761609526
762036803
760114235
760153085
762622987
760151515
761454067
762504778
761638792
761216024
761340702
761916050
762402507
762530971
762287846
762331535
762459437
761757988
761519250
762386255
761803024
760233846
762400361
761989801
761208820
762026821
761647361
760187374
761268134
762395721
761620649
761254682
761441567
762478864
761457761
762469216
762040823
762176150
760131400
761749903
762255675
760257389
761409713
761593435
761286443
761978700
762787016
762774120
762390989
761238726
761502363
761543778
761643361
761546716
762069150
760189381
761571743
761351683
761394683
761799761
761283381
762679919
760282374
761762365
760162186
762720060
761446617
762460773
761863030
761379396
762767615
762424394
762110463
762765949
761815224
761938567
761252970
762557232
762545076
762579505
761633119
760268640
760226697
761556612
762286531
762507461
760138969
761229337
761554735
761887249
762324858
760151889
761384576
761368324
761532222
760296672
762608195
761299587
762218011
762752594
760273981
761945689
762047450
761427863
760253936
762552057
762786542
761336219
762144568
762024030
761993108
762206939
761987894
761744536
761703903
761671827
762612491
761336335
761700829
761455801
761877433
761492497
761315214
761230882
762369549
761323179